Starting Dynare (version 6.2).
Calling Dynare with arguments: none
Starting preprocessing of the model file ... 
Found 20 equation(s). 
Evaluating expressions... 
Computing static model derivatives (order 1). 
Normalizing the static model... 
Finding the optimal block decomposition of the static model... 
5 block(s) found: 
  4 recursive block(s) and 1 simultaneous block(s). 
  the largest simultaneous block has 6 equation(s) 
                                 and 6 feedback variable(s). 
Computing dynamic model derivatives (order 1). 
Normalizing the dynamic model... 
Finding the optimal block decomposition of the dynamic model... 
3 block(s) found: 
  2 recursive block(s) and 1 simultaneous block(s). 
  the largest simultaneous block has 6 equation(s) 
                                 and 6 feedback variable(s). 
Preprocessing completed. 
Preprocessing time: 0h00m01s.

STEADY-STATE RESULTS:

c      		 1.32933
k      		 21.8689
n      		 0.499954
I      		 0.546723
y      		 1.87605
r      		 0.0300251
w      		 2.43909
R      		 1.00503
a      		 1
mu     		 1
log_y  		 0
log_c  		 0
log_I  		 0
log_k  		 0
log_n  		 0
log_r  		 0
log_R  		 0
log_w  		 0
log_a  		 0
log_mu 		 0

EIGENVALUES:
         Modulus             Real        Imaginary
            0.95             0.95                0
            0.95             0.95                0
          0.9617           0.9617                0
           1.045            1.045                0
             Inf             -Inf                0
             Inf             -Inf                0

There are 3 eigenvalue(s) larger than 1 in modulus for 3 forward-looking variable(s)
The rank condition is verified.


MODEL SUMMARY

  Number of variables:         20
  Number of stochastic shocks: 2
  Number of state variables:   3
  Number of jumpers:           3
  Number of static variables:  15


MATRIX OF COVARIANCE OF EXOGENOUS SHOCKS
Variables       eps_a    eps_mu
eps_a        1.000000  0.000000
eps_mu       0.000000  1.000000

POLICY AND TRANSITION FUNCTIONS
                               log_y           log_c           log_I           log_k           log_n           log_r           log_R           log_w           log_a          log_mu
k(-1)                       1.125293        2.587299       -2.429492        4.397646       -0.731003       -3.447407       -0.396194        1.856296               0               0
a(-1)                     125.212489       32.250984      351.243082        8.781077       46.480752      125.212489       13.423640       78.731737       95.000000               0
mu(-1)                     30.212489      -62.749016      256.243082        8.781077       46.480752       30.212489        2.638765      -16.268263               0       95.000000
eps_a                       1.318026        0.339484        3.697296        0.092432        0.489271        1.318026        0.141301        0.828755        1.000000               0
eps_mu                      0.318026       -0.660516        2.697296        0.092432        0.489271        0.318026        0.027776       -0.171245               0        1.000000


THEORETICAL MOMENTS (HP filter, lambda = 1600)
VARIABLE         MEAN  STD. DEV.   VARIANCE
log_y          0.0000     1.7726     3.1420
log_c          0.0000     1.0276     1.0559
log_I          0.0000     5.9764    35.7176
log_k          0.0000     0.6053     0.3664
log_n          0.0000     0.9078     0.8241
log_r          0.0000     1.8281     3.3420
log_R          0.0000     0.1952     0.0381
log_w          0.0000     1.1291     1.2748
log_a          0.0000     1.3034     1.6990
log_mu         0.0000     1.3034     1.6990



VARIANCE DECOMPOSITION (in percent) (HP filter, lambda = 1600)
           eps_a  eps_mu
log_y      94.20    5.80
log_c      23.94   76.06
log_I      65.21   34.79
log_k      50.00   50.00
log_n      50.00   50.00
log_r      91.68    8.32
log_R      92.90    7.10
log_w      93.68    6.32
log_a     100.00    0.00
log_mu      0.00  100.00



MATRIX OF CORRELATIONS (HP filter, lambda = 1600)
Variables      log_y    log_c    log_I    log_k    log_n    log_r    log_R    log_w    log_a   log_mu
log_y         1.0000   0.2475   0.9143   0.3139   0.8362   0.9439   0.9364   0.8976   0.9687   0.2334
log_c         0.2475   1.0000  -0.1662   0.2409  -0.3244   0.1288   0.1587   0.6493   0.4288  -0.8396
log_I         0.9143  -0.1662   1.0000   0.2187   0.9867   0.9068   0.8867   0.6421   0.8067   0.5886
log_k         0.3139   0.2409   0.2187   1.0000   0.1701  -0.0134  -0.0390   0.3560   0.1938   0.1938
log_n         0.8362  -0.3244   0.9867   0.1701   1.0000   0.8486   0.8244   0.5088   0.7031   0.7031
log_r         0.9439   0.1288   0.9068  -0.0134   0.8486   1.0000   0.9990   0.7996   0.9411   0.2281
log_R         0.9364   0.1587   0.8867  -0.0390   0.8244   0.9990   1.0000   0.8073   0.9449   0.1869
log_w         0.8976   0.6493   0.6421   0.3560   0.5088   0.7996   0.8073   1.0000   0.9556  -0.1989
log_a         0.9687   0.4288   0.8067   0.1938   0.7031   0.9411   0.9449   0.9556   1.0000  -0.0000
log_mu        0.2334  -0.8396   0.5886   0.1938   0.7031   0.2281   0.1869  -0.1989  -0.0000   1.0000



COEFFICIENTS OF AUTOCORRELATION (HP filter, lambda = 1600)
Order           1        2        3        4        5
log_y      0.7199   0.4817   0.2833   0.1222  -0.0050
log_c      0.7341   0.5041   0.3096   0.1487   0.0193
log_I      0.7104   0.4665   0.2657   0.1044  -0.0213
log_k      0.9596   0.8619   0.7266   0.5702   0.4056
log_n      0.7088   0.4641   0.2629   0.1015  -0.0239
log_r      0.7145   0.4732   0.2734   0.1122  -0.0141
log_R      0.7164   0.4761   0.2769   0.1157  -0.0110
log_w      0.7329   0.5023   0.3074   0.1466   0.0173
log_a      0.7133   0.4711   0.2711   0.1098  -0.0163
log_mu     0.7133   0.4711   0.2711   0.1098  -0.0163
Total computing time : 0h00m21s
